2 1 1
1 11 1
3 2 1
2 16 2
4 3 1
3 17 2
4 5 2
4 18 2
5 6 2
5 22 2
6 27 2
6 7 2
7 28 2
7 8 2
8 32 2
8 9 2
9 116 2
9 10 2
10 41 2
11 12 1
11 13 1
58 12 1
12 14 2
13 14 1
14 15 2
14 42 2
14 16 2
16 17 2
16 42 2
17 43 2
18 19 2
20 21 2
21 22 2
22 23 2
23 24 2
23 25 2
25 27 1
26 25 1
26 29 1
30 26 1
27 28 2
28 29 1
29 31 1
30 31 2
31 52 1
33 32 1
33 35 2
32 34 1
33 34 2
34 35 2
36 116 2
37 116 1
38 37 1
38 29 2
39 40 1
40 56 2
40 41 2
41 57 2
42 43 2
43 44 1 
43 46 2
44 45 1
45 46 1
45 47 1
46 59 2
46 63 2
47 66 2
47 48 2
47 49 1
49 30 1
49 50 1
67 49 1
50 51 1
50 79 1
51 54 1
51 68 2
52 50 1
53 52 2
54 38 1
54 55 1
54 69 2
55 56 1
55 70 2
56 57 1
57 72 2
58 59 2
59 61 2
59 62 2
60 61 2
60 58 2
74 60 1
61 75 2
62 64 2
62 76 2
63 64 2
63 66 2
64 77 2
65 67 1
65 78 2
66 67 2
68 69 2
68 71 2
69 71 2
69 70 2
70 72 2
71 73 2
72 73 2
73 80 2
81 74 1
74 75 1
75 76 2
76 77 2
76 82 1
77 83 1
77 85 2
79 78 1
78 86 2
79 87 1
80 88 2
96 81 1
81 82 2
82 83 2
82 95 2
83 92 2
91 84 2
84 93 2
84 85 1
85 92 2
85 86 1
86 87 1
87 88 1
88 89 2
89 90 2
90 91 2
91 107 2
92 93 2
94 92 1
93 104 2
93 94 1
94 95 2
95 100 2
95 96 2
97 96 1
97 108 1
97 98 2
98 109 2
98 100 2
98 99 2
99 100 2
100 110 2
100 101 2
102 103 2
102 104 2
104 105 1
105 106 1
106 107 1
108 109 2
108 111 1
112 109 1
109 110 2
110 114 1
111 112 2
112 113 2
113 115 2
114 115 1
115 107 2
0
